%%2017/05/11 労調の就業者数更新＆連鎖デフレータ更新
%%2017/06/05 ＧＤＰデフレータの消費税調整
%%2017/07/26 17/1Qまで伸ばし、実質化修正
%%2017/09/15 期待コール追加
%%2017/09/19 期待コール・ショック項追加
%%2017/10/10 17Q2まで伸ばす(nobs=149)
%%2017/10/13 OISのみ使用
%%2017/11/02 資本ストック修正・消費税調整シートを対数計算verへ変更
%%2017/11/06 FOF系列をBJEMオリジナルへ変更（振れ幅が小さくなる）
%%2017/11/08re OIS系列追加
%%2017/11/15 OIS系列の修正

DATA_MJEMfin = [0.02510559	0.021246475	0.023002195	-0.012789948	-0.005337409	-0.033351564	0.003179763	0.011987827	0.002387968	0.030425911	-0.026775457	-0.021710268	-0.020614804	-0.010602017	-0.013093591	-0.003932542	-0.592051961	-0.0252024	0.019282512	-0.000153262	0.002582271	NaN	NaN	NaN	NaN	0	0	0	0	NaN	NaN	NaN	NaN	NaN	NaN	NaN	NaN
0.009456564	0.012606967	0.004599858	0.014511843	0.005310966	-0.035775471	-0.009361737	0.028370261	-0.003403448	0.029472845	0.0006434	0.004170382	0.022391	-0.019144161	0.017888686	-0.021140027	-0.284945932	0.066853518	0.009805344	-0.000477562	0.002718111	NaN	NaN	NaN	NaN	0	0	0	0	NaN	NaN	NaN	NaN	NaN	NaN	NaN	NaN
0.010842867	0.008273994	4.25736E-05	0.013226866	-0.000983996	-0.027401507	0.012379115	0.018019672	-0.00441157	0.024628189	-0.003016221	0.021490749	0.02645925	-0.002093028	0.017269176	-0.008424926	0.041272166	0.064681441	0.001676707	-2.82319E-05	0.002883097	NaN	NaN	NaN	NaN	0	0	0	0	NaN	NaN	NaN	NaN	NaN	NaN	NaN	NaN
0.003033409	0.012601303	0.005420438	-0.000220194	-0.004013457	-0.008900323	0.006057429	0.003653758	-2.04402E-05	0.021066341	0.052769929	0.02964439	0.005932207	0.000703201	0.000259022	-0.005089988	0.047534367	-0.000814217	0.007879169	-0.000283633	0.00141008	NaN	NaN	NaN	NaN	0	0	0	0	NaN	NaN	NaN	NaN	NaN	NaN	NaN	NaN
0.00471701	0.004673725	0.00163489	0.00628782	-1.31355E-05	0.021148471	-0.007619438	0.016869036	0.001735991	0.01770332	0.064933332	0.093731184	0.01098366	0.002755349	0.005327412	-0.005323084	0.045627218	0.021504931	-0.001726036	0.000251586	0.000953352	NaN	NaN	NaN	NaN	0	0	0	0	NaN	NaN	NaN	NaN	NaN	NaN	NaN	NaN
0.005112956	0.006977432	-9.88452E-06	-0.008243853	0.000300199	0.005504825	0.006345562	0.005209458	-0.000812995	0.018020168	0.022459529	0.003961113	-0.013881416	0.006055256	-0.007468228	0.002875702	-0.071723207	-0.030771771	-0.002735198	0.001260101	0.001095026	NaN	NaN	NaN	NaN	0	0	0	0	NaN	NaN	NaN	NaN	NaN	NaN	NaN	NaN
0.009423199	0.007061511	0.006332433	0.001052984	0.00495273	-0.04565117	0.007638684	0.015404898	0.00677882	0.017049239	0.016818323	-0.059495442	-0.004039405	-0.011442638	-0.003053052	0.003563838	0.102704297	0.007639974	0.003499609	-0.000575595	0.001297719	NaN	NaN	NaN	NaN	0	0	0	0	NaN	NaN	NaN	NaN	NaN	NaN	NaN	NaN
0.004829992	0.005615796	0.008736261	0.007197827	0.007829105	-0.014158903	-0.019727352	-0.005816839	-0.004862736	0.016463756	0.040169433	-0.033782355	0.003567404	-0.017790675	0.01107855	-0.00674149	0.204882461	0.018900179	0.008816094	-0.000451759	0.003088754	NaN	NaN	NaN	NaN	0	0	0	0	NaN	NaN	NaN	NaN	NaN	NaN	NaN	NaN
-0.001776545	9.81768E-05	-0.004129856	-0.000753655	0.010876152	0.015334257	0.014269442	0.011461538	-0.001531771	0.01782974	-0.006136356	-0.038877708	-0.010080156	0.014634639	-0.000395469	-0.012746518	0.031726795	-0.033119543	-0.007405897	0.000882572	0.00267364	NaN	NaN	NaN	NaN	0	0	0	0	NaN	NaN	NaN	NaN	NaN	NaN	NaN	NaN
0.001925226	0.00599712	0.006287408	-0.003519558	-0.008211334	-0.003718301	-0.010319512	0.006610075	0.000103119	0.017699121	-0.016080096	-0.049305547	0.000252065	-0.008000868	-0.004256976	0.000957123	0.018269362	1.85259E-05	0.005422233	0.000621112	0.002957897	NaN	NaN	NaN	NaN	0	0	0	0	NaN	NaN	NaN	NaN	NaN	NaN	NaN	NaN
-0.001761463	0.004055131	0.004669029	0.006095564	0.01531859	0.047430848	-0.027555431	0.001650428	0.004122044	0.017027315	0.029131107	0.082557417	-0.00280333	-0.000401318	0.002792667	-0.009017469	-0.210136445	-0.017217247	0.004450124	-0.000276663	0.002782609	NaN	NaN	NaN	NaN	0	0	0	0	NaN	NaN	NaN	NaN	NaN	NaN	NaN	NaN
0.006416525	0.001689088	0.002804536	-0.00694138	-0.004136688	-0.030879897	-0.023556863	0.006084339	0.003259511	0.016528014	0.014463247	0.033164619	-0.009000173	-0.026248359	-0.009509956	0.005331633	-0.055961575	0.013482162	0.001777916	0.000210253	0.002649613	NaN	NaN	NaN	NaN	0	0	0	0	NaN	NaN	NaN	NaN	NaN	NaN	NaN	NaN
0.002960873	0.003093789	-0.005304893	-0.000161418	-0.001189309	-0.085873941	0.018733589	-0.006271066	0.001063974	0.015445275	0.006203091	0.066004922	-0.000431248	-0.018821867	0.001464106	0.005837457	0.312789537	0.022242926	-0.007267385	0.000309297	0.002730622	NaN	NaN	NaN	NaN	0	0	0	0	NaN	NaN	NaN	NaN	NaN	NaN	NaN	NaN
-0.001649027	0.002097486	-0.000949498	0.00711978	0.000872721	0.031767261	-0.013455012	0.006306744	0.0012543	0.016097751	-0.001128112	0.068065069	0.013705021	0.002488442	0.008402463	0.013772799	0.247323022	0.018897383	-0.002940366	7.08331E-05	0.002809739	NaN	NaN	NaN	NaN	0	0	0	0	NaN	NaN	NaN	NaN	NaN	NaN	NaN	NaN
0.003235891	0.004512793	0.001483153	0.000474514	-0.002865434	-0.00737554	-0.004175457	0.000198557	-0.001748127	0.015671327	-0.004452418	0.03477235	0.00187738	-0.005316235	0.003769953	0.015562686	0.29616736	0.008458159	-0.000828202	-0.000376025	0.002900053	NaN	NaN	NaN	NaN	0	0	0	0	NaN	NaN	NaN	NaN	NaN	NaN	NaN	NaN
0.005579227	0.00463204	0.001645852	0.003554358	0.002459293	-0.011916609	0.029295373	0.005468621	0.00387063	0.015422922	0.347286233	0.077703876	0.005098185	0.014700504	0.003252407	0.012180167	0.345355208	0.000417518	-0.00042934	-6.3927E-05	0.002974401	NaN	NaN	NaN	NaN	0	0	0	0	NaN	NaN	NaN	NaN	NaN	NaN	NaN	NaN
0.006173884	0.004003786	0.005425205	0.007243044	0.000424498	-0.011921697	0.003442215	0.008898211	0.000263607	0.01459896	0.096941454	-0.040146074	0.016342007	-0.001918807	0.006948061	0.005311847	0.498906029	0.032501141	0.003010016	0.001071381	0.0028655	NaN	NaN	NaN	NaN	0	0	0	0	NaN	NaN	NaN	NaN	NaN	NaN	NaN	NaN
0.003072829	0.002698869	0.006266545	0.004386022	0.00456603	-0.002908771	0.032680436	-1.11167E-05	-0.003127625	0.015352194	-0.063414136	-0.010699482	0.000448835	0.020460233	0.006189314	-0.001905882	0.445697095	-0.017643291	0.006348745	0.000291874	0.002838402	NaN	NaN	NaN	NaN	0	0	0	0	NaN	NaN	NaN	NaN	NaN	NaN	NaN	NaN
0.00646504	0.001980919	0.004493355	-0.005528921	-0.007223682	0.004782325	0.035908224	0.00196534	0.011134954	0.015518828	0.190138773	0.051331783	-0.001697875	0.025424549	-0.013411148	0.0086248	0.378508354	-0.020730975	0.004340744	-0.000334063	0.002331269	NaN	NaN	NaN	NaN	0	0	0	0	NaN	NaN	NaN	NaN	NaN	NaN	NaN	NaN
2.47608E-05	0.004657995	0.001528498	0.016881701	0.010274082	-0.010076453	0.053809178	0.015428383	-0.01890718	0.01558619	0.233260688	0.027121387	0.021592354	0.032863116	0.027849411	-0.003718464	0.415262988	0.007047171	-0.000213176	0.001042189	0.002406368	NaN	NaN	NaN	NaN	0	0	0	0	NaN	NaN	NaN	NaN	NaN	NaN	NaN	NaN
-8.45585E-05	-0.001531931	-0.00290078	0.012551196	0.009306084	0.022434922	0.004675294	-0.005052079	0.007121903	0.015146755	0.056390109	0.008739772	0.0118878	0.010339957	0.003957269	0.002446172	0.428105071	0.019827678	-0.004588069	0.000275877	0.002573826	NaN	NaN	NaN	NaN	0	0	0	0	NaN	NaN	NaN	NaN	NaN	NaN	NaN	NaN
0.000197382	0.001219695	0.002309295	0.005565514	-0.005406947	0.004209188	0.049820471	0.011649851	-0.004051721	0.015599108	0.052887811	-0.014696635	0.019667681	0.035170335	0.00413702	0.00044376	0.390275694	-0.000456878	0.001675453	0.000196312	0.002513023	NaN	NaN	NaN	NaN	0	0	0	0	NaN	NaN	NaN	NaN	NaN	NaN	NaN	NaN
0.004250882	0.000109518	-0.001698564	0.005891519	0.014175713	-0.005328966	0.005160734	0.004235674	0.000556546	0.01810328	-0.071525209	0.035685003	-0.002203497	0.001790087	0.001002269	-0.005087963	0.447715903	0.002964598	-0.003560669	0.001301391	0.002383099	NaN	NaN	NaN	NaN	0	0	0	0	NaN	NaN	NaN	NaN	NaN	NaN	NaN	NaN
0.005158325	0.002336161	0.001636344	-0.003786221	-0.005128414	0.009208237	-0.019123708	0.016409665	-0.006492801	0.015332344	0.06917299	0.085392864	-0.003809564	-0.010228029	-0.00395175	-0.006337522	0.466007761	0.007258515	0.001006505	-6.38159E-05	0.002832617	NaN	NaN	NaN	NaN	0	0	0	0	NaN	NaN	NaN	NaN	NaN	NaN	NaN	NaN
